Current dataset:  OUMVLP
Iter for test:  250000
Batchsize for training:  (16, 16)
Loss type:  full
Raw acc (only rank-1):
[[[89.57 80.78 84.94 73.91 49.02 62.47 61.29 80.46 76.47 83.37 72.73
   49.02 65.12 64.06]
  [78.32 93.55 93.9  91.04 67.44 84.81 76.17 72.41 92.25 91.51 88.17
   64.75 84.44 74.93]
  [77.31 87.14 96.74 94.68 76.52 92.18 89.66 74.14 85.99 96.82 92.44
   72.35 90.33 88.15]
  [69.6  85.97 95.36 96.73 79.55 94.64 92.88 68.02 84.75 94.91 95.89
   76.67 93.85 90.88]
  [53.52 73.08 89.47 93.23 92.19 93.93 91.16 51.99 70.3  87.14 88.97
   90.95 92.12 88.38]
  [61.87 80.3  92.3  94.35 79.86 97.21 96.6  60.5  79.86 92.36 92.68
   77.95 96.8  95.04]
  [57.94 71.3  88.6  91.05 76.61 95.51 97.33 59.82 72.49 89.44 90.1
   74.28 94.81 95.9 ]
  [81.78 77.04 83.41 74.6  50.15 65.96 66.76 91.86 85.57 90.57 80.29
   53.5  67.52 65.82]
  [70.16 88.81 88.47 85.74 60.58 80.67 73.62 76.77 94.6  93.96 90.42
   66.39 84.38 74.15]
  [71.66 82.87 93.8  90.91 70.5  88.13 87.4  76.8  88.21 96.65 93.3
   73.97 91.3  87.67]
  [65.98 80.85 91.45 94.48 74.4  91.29 89.46 69.87 86.64 95.28 95.37
   77.8  93.99 90.79]
  [51.4  66.67 82.82 86.93 89.06 88.98 86.09 53.6  74.22 89.34 91.42
   91.11 93.26 88.96]
  [58.6  76.   87.59 90.95 76.08 95.12 93.87 59.34 80.66 92.37 92.77
   78.68 96.42 94.67]
  [56.56 67.49 85.05 86.97 72.36 92.86 95.3  55.1  70.24 88.34 89.73
   74.8  94.75 95.62]]]

Current dataset:  OUMVLP
Iter for test:  150000
Batchsize for training:  (16, 16)
Loss type:  full
Raw acc (only rank-1):
[[[89.32 79.7  83.04 70.45 46.04 58.48 57.92 78.94 74.35 80.05 69.8
   46.25 61.61 60.02]
  [77.56 93.36 93.53 89.86 64.51 81.9  73.19 70.96 91.82 90.6  86.74
   61.3  81.75 71.83]
  [75.94 86.72 96.69 94.52 75.47 91.39 88.84 72.01 85.09 96.45 91.78
   70.7  89.12 86.94]
  [68.15 85.28 95.17 96.67 79.06 94.13 92.23 65.92 83.64 94.44 95.73
   75.69 93.46 89.76]
  [50.86 69.79 88.22 92.81 92.12 93.42 90.34 48.86 67.36 85.12 87.59
   90.69 91.21 86.62]
  [58.99 78.29 91.62 94.15 79.62 97.09 96.48 57.91 77.93 91.34 92.28
   77.13 96.7  94.69]
  [56.05 68.52 87.53 90.16 75.93 95.27 97.14 56.72 70.13 88.23 89.02
   73.09 94.19 95.66]
  [80.59 74.72 80.84 71.55 46.27 62.19 64.49 91.83 84.4  88.25 76.76
   50.38 63.64 61.94]
  [68.53 87.98 86.95 84.21 57.83 78.13 70.99 75.93 94.36 93.35 89.74
   64.27 82.37 70.97]
  [69.9  81.17 93.24 90.03 68.71 86.44 85.86 76.05 87.55 96.53 92.88
   72.9  90.17 86.08]
  [63.74 79.35 90.49 94.19 73.31 90.51 88.55 67.81 85.93 95.   95.33
   77.1  93.51 89.95]
  [49.06 62.1  80.41 85.14 88.77 87.86 84.18 50.18 71.68 87.86 90.78
   90.87 92.69 88.29]
  [56.14 73.53 86.29 90.05 75.44 94.73 93.57 56.68 78.78 91.19 92.47
   78.38 96.4  94.31]
  [54.28 64.   83.49 85.17 71.02 92.39 94.85 52.48 68.16 86.86 89.
   73.89 94.31 95.54]]]

Current dataset:  OUMVLP
Iter for test:  80000
Batchsize for training:  (16, 16)
Loss type:  full
Raw acc (only rank-1):
[[[88.7  76.29 78.85 61.66 37.25 47.75 49.18 75.25 68.28 74.26 60.95
   38.32 51.1  50.91]
  [74.43 93.21 91.9  87.35 56.59 74.73 64.94 65.96 90.1  87.93 82.16
   55.   75.04 63.95]
  [72.57 85.87 96.33 93.77 72.23 88.15 83.88 68.12 83.05 95.57 89.9
   66.65 85.13 81.14]
  [60.83 83.4  94.34 96.48 77.69 92.86 88.65 58.13 79.76 92.72 95.2
   72.52 91.64 85.85]
  [43.73 63.06 84.86 90.52 91.89 92.5  86.69 40.94 59.13 79.03 83.33
   90.03 88.24 81.87]
  [51.04 72.8  88.5  93.15 78.45 97.01 95.84 49.83 72.32 87.38 90.47
   74.85 96.28 93.69]
  [48.37 60.92 82.02 86.32 72.49 94.65 96.88 49.6  63.39 82.88 84.98
   68.79 93.08 95.01]
  [76.78 70.13 75.52 61.67 37.9  52.63 53.36 91.4  81.88 85.04 68.91
   41.98 53.59 51.55]
  [63.02 86.1  83.6  79.17 49.97 70.42 62.26 73.11 94.21 92.5  87.45
   58.04 75.4  63.06]
  [64.98 78.74 92.28 87.16 62.68 81.03 79.88 72.98 86.9  96.31 92.28
   70.   86.36 80.61]
  [56.82 75.7  87.99 93.57 69.17 87.62 84.21 61.96 83.92 94.05 95.14
   75.37 92.59 86.37]
  [41.17 55.84 75.08 81.27 87.55 84.09 78.64 43.51 65.35 84.52 88.72
   90.92 91.11 84.35]
  [48.43 67.49 82.24 87.53 71.83 93.95 91.79 48.37 73.29 87.49 91.25
   77.1  96.18 93.53]
  [46.31 57.34 76.53 79.96 66.99 90.42 93.62 45.28 60.61 81.5  85.75
   70.96 93.56 95.36]]]

Current dataset:  OUMVLP
Iter for test:  250000
Batchsize for training:  (16, 16)
Loss type:  full
Raw acc (only rank-1):
[[[89.57 80.78 84.94 73.91 49.02 62.47 61.29 80.48 76.47 83.37 72.73
   49.02 65.12 64.06]
  [78.32 93.55 93.9  91.04 67.44 84.81 76.17 72.41 92.25 91.51 88.17
   64.75 84.44 74.93]
  [77.31 87.14 96.74 94.68 76.52 92.18 89.66 74.14 85.99 96.82 92.44
   72.35 90.33 88.15]
  [69.6  85.97 95.36 96.73 79.55 94.64 92.88 68.02 84.75 94.91 95.89
   76.67 93.85 90.88]
  [53.52 73.08 89.47 93.23 92.19 93.93 91.16 51.99 70.3  87.14 88.97
   90.95 92.12 88.38]
  [61.87 80.3  92.3  94.35 79.86 97.21 96.6  60.5  79.86 92.36 92.68
   77.95 96.8  95.04]
  [57.94 71.3  88.6  91.05 76.61 95.51 97.33 59.82 72.49 89.44 90.1
   74.28 94.81 95.9 ]
  [81.78 77.04 83.41 74.6  50.15 65.96 66.76 91.86 85.57 90.57 80.29
   53.5  67.52 65.82]
  [70.16 88.81 88.47 85.74 60.58 80.67 73.62 76.77 94.6  93.96 90.42
   66.39 84.38 74.15]
  [71.66 82.87 93.8  90.91 70.5  88.13 87.4  76.8  88.21 96.65 93.3
   73.97 91.3  87.67]
  [65.98 80.85 91.45 94.48 74.4  91.29 89.46 69.87 86.64 95.28 95.37
   77.8  93.99 90.79]
  [51.4  66.67 82.82 86.93 89.06 88.98 86.09 53.6  74.22 89.34 91.42
   91.11 93.26 88.96]
  [58.6  76.   87.59 90.95 76.08 95.12 93.87 59.34 80.66 92.37 92.77
   78.68 96.42 94.67]
  [56.56 67.47 85.05 86.97 72.36 92.86 95.3  55.1  70.24 88.34 89.73
   74.8  94.75 95.62]]]


